//            PatSize	     Ratio
               10000	  0.087400
               20000	  0.024150
               30000	  0.012033
               40000	  0.011750
               50000	  0.008940
               60000	  0.011883
               70000	  0.010457
               80000	  0.010175
               90000	  0.010033
              100000	  0.010120
              110000	  0.008964
              120000	  0.010125
              130000	  0.009192
              140000	  0.009507
              150000	  0.008687
              160000	  0.010738
              170000	  0.010494
              180000	  0.008822
              190000	  0.009663
              200000	  0.009780
              210000	  0.009552
              220000	  0.008523
              230000	  0.008496
              240000	  0.008792
              250000	  0.017300
              260000	  0.009065
              270000	  0.009304
              280000	  0.009050
              290000	  0.013807
              300000	  0.008673
              310000	  0.008416
              320000	  0.008847
              330000	  0.008827
              340000	  0.010200
              350000	  0.008846
              360000	  0.009058
              370000	  0.009603
              380000	  0.008626
              390000	  0.009592
              400000	  0.009032
              410000	  0.008673
              420000	  0.008814
              430000	  0.008519
              440000	  0.009077
              450000	  0.008453
              460000	  0.008276
              470000	  0.009000
              480000	  0.008383
              490000	  0.008382
              500000	  0.009354
              510000	  0.008406
              520000	  0.008223
              530000	  0.008666
              540000	  0.009244
              550000	  0.008385
              560000	  0.008393
              570000	  0.008742
              580000	  0.007905
              590000	  0.008324
              600000	  0.008283
              610000	  0.008797
              620000	  0.008948
              630000	  0.008202
              640000	  0.008214
              650000	  0.008637
              660000	  0.008200
              670000	  0.009693
              680000	  0.008190
              690000	  0.009867
              700000	  0.011257
              710000	  0.008120
              720000	  0.008539
              730000	  0.008189
              740000	  0.008493
              750000	  0.008600
              760000	  0.009217
              770000	  0.007835
              780000	  0.009449
              790000	  0.009165
              800000	  0.008971
              810000	  0.008890
              820000	  0.008790
              830000	  0.008320
              840000	  0.008623
              850000	  0.008386
              860000	  0.008153
              870000	  0.007991
              880000	  0.008934
              890000	  0.008371
              900000	  0.008724
              910000	  0.008396
              920000	  0.008600
              930000	  0.007898
              940000	  0.007751
              950000	  0.008001
              960000	  0.008255
              970000	  0.008413
              980000	  0.008119
              990000	  0.007877
             1000000	  0.007949
Ignoring ratios before cross over point: 70000
Sorted ratios are: 
  0.007751,   0.007835,   0.007877,   0.007898,   0.007905, 
  0.007949,   0.007991,   0.008001,   0.008119,   0.008120, 
  0.008153,   0.008189,   0.008190,   0.008200,   0.008202, 
  0.008214,   0.008223,   0.008255,   0.008276,   0.008283, 
  0.008320,   0.008324,   0.008371,   0.008382,   0.008383, 
  0.008385,   0.008386,   0.008393,   0.008396,   0.008406, 
  0.008413,   0.008416,   0.008453,   0.008493,   0.008496, 
  0.008519,   0.008523,   0.008539,   0.008600,   0.008600, 
  0.008623,   0.008626,   0.008637,   0.008666,   0.008673, 
  0.008673,   0.008687,   0.008724,   0.008742,   0.008790, 
  0.008792,   0.008797,   0.008814,   0.008822,   0.008827, 
  0.008846,   0.008847,   0.008890,   0.008934,   0.008940, 
  0.008948,   0.008964,   0.008971,   0.009000,   0.009032, 
  0.009050,   0.009058,   0.009065,   0.009077,   0.009165, 
  0.009192,   0.009217,   0.009244,   0.009304,   0.009354, 
  0.009449,   0.009507,   0.009552,   0.009592,   0.009603, 
  0.009663,   0.009693,   0.009780,   0.009867,   0.010033, 
  0.010120,   0.010125,   0.010175,   0.010200,   0.010457, 
  0.010494,   0.010738,   0.011257
Maximum ratio is:   0.011257
Average ratio is:   0.008847
