// PatSize	  TextSize	  Naive-RT	    KMP-RT
        10	     10000	      1004	       700
       100	     10000	       269	       321
      1000	     10000	       172	       451
        10	     20000	       304	       206
       100	     20000	       529	       226
      1000	     20000	       307	       310
     10000	     20000	       222	       341
        10	     30000	       308	       255
       100	     30000	       350	       247
      1000	     30000	       327	       353
     10000	     30000	       314	       430
        10	     40000	       432	       457
       100	     40000	       455	       389
      1000	     40000	       469	       346
     10000	     40000	       431	       475
        10	     50000	       519	       476
       100	     50000	       488	       452
      1000	     50000	       547	       515
     10000	     50000	       517	       521
        10	     60000	       679	       462
       100	     60000	       604	       459
      1000	     60000	       565	       465
     10000	     60000	       638	       656
        10	     70000	       655	       588
       100	     70000	       713	       650
      1000	     70000	       799	       601
     10000	     70000	       749	       651
        10	     80000	       764	       597
       100	     80000	       718	       700
      1000	     80000	       869	       596
     10000	     80000	      1049	       667
        10	     90000	       913	       750
       100	     90000	       922	       667
      1000	     90000	      1118	       686
     10000	     90000	       890	       789
        10	    100000	      1172	       742
       100	    100000	      1198	       851
      1000	    100000	       904	       857
     10000	    100000	       929	      1098
        10	    110000	      1096	       817
       100	    110000	      1209	       936
      1000	    110000	      1023	      1131
     10000	    110000	      1000	      1195
        10	    120000	      1273	       878
       100	    120000	      1414	      1013
      1000	    120000	      1058	      1230
     10000	    120000	      1133	      1088
        10	    130000	      1520	      1259
       100	    130000	      1065	      1239
      1000	    130000	      1193	      1192
     10000	    130000	      1148	      1017
        10	    140000	      1370	      1212
       100	    140000	      1317	      1172
      1000	    140000	      1270	      1220
     10000	    140000	      1328	      1283
        10	    150000	      1664	      1280
       100	    150000	      1227	      1229
      1000	    150000	      1452	      1250
     10000	    150000	      1775	      1017
        10	    160000	      1685	      1424
       100	    160000	      1461	      1210
      1000	    160000	      1452	      1145
     10000	    160000	      1397	      1342
        10	    170000	      1713	      1511
       100	    170000	      1387	      1282
      1000	    170000	      1599	      1452
     10000	    170000	      1963	      1170
        10	    180000	      1784	      1642
       100	    180000	      1444	      1676
      1000	    180000	      1837	      1260
     10000	    180000	      1865	      1342
        10	    190000	      1893	      1590
       100	    190000	      1625	      1379
      1000	    190000	      1838	      1394
     10000	    190000	      1965	      1358
        10	    200000	      2033	      1429
       100	    200000	      1694	      1641
      1000	    200000	      1911	      1505
     10000	    200000	      2135	      1440
    100000	    200000	      2021	      1461
        10	    210000	      2176	      1641
       100	    210000	      1857	      1743
      1000	    210000	      2308	      1462
     10000	    210000	      1995	      1445
    100000	    210000	      2194	      4254
        10	    220000	      2210	      1628
       100	    220000	      1979	      1963
      1000	    220000	      2322	      1625
     10000	    220000	      2188	      1531
    100000	    220000	      2510	      1608
        10	    230000	      2227	      1650
       100	    230000	      1960	      2040
      1000	    230000	      2240	      1817
     10000	    230000	      2187	      1587
    100000	    230000	      2416	      1552
        10	    240000	      2227	      1806
       100	    240000	      2460	      1694
      1000	    240000	      2292	      1745
     10000	    240000	      2210	      1684
    100000	    240000	      2330	      1545
        10	    250000	      2422	      1805
       100	    250000	      2357	      1829
      1000	    250000	      2636	      1768
     10000	    250000	      2420	      1668
    100000	    250000	      2432	      4405
        10	    260000	      2500	      1958
       100	    260000	      2439	      1894
      1000	    260000	      2668	      1826
     10000	    260000	      2510	      1761
    100000	    260000	      2828	      1614
        10	    270000	      2703	      1925
       100	    270000	      2476	      1983
      1000	    270000	      2813	      1983
     10000	    270000	      2374	      1764
    100000	    270000	      2673	      1633
        10	    280000	      2749	      2124
       100	    280000	      2565	      1975
      1000	    280000	      2520	      1974
     10000	    280000	      2292	      1954
    100000	    280000	      2782	      1672
        10	    290000	      2744	      2155
       100	    290000	      2833	      2053
      1000	    290000	      2549	      2037
     10000	    290000	      2597	      2082
    100000	    290000	      2806	      1801
        10	    300000	      2548	      2138
       100	    300000	      2958	      2198
      1000	    300000	      2799	      2132
     10000	    300000	      2771	      2040
    100000	    300000	      2848	      1803
        10	    310000	      2969	      2273
       100	    310000	      2988	      2235
      1000	    310000	      2874	      2186
     10000	    310000	      2972	      2114
    100000	    310000	      3478	      1841
        10	    320000	      3092	      2272
       100	    320000	      3198	      2298
      1000	    320000	      2799	      2263
     10000	    320000	      2664	      2380
    100000	    320000	      2970	      1830
        10	    330000	      3071	      2607
       100	    330000	      3301	      2418
      1000	    330000	      2984	      2406
     10000	    330000	      2736	      3854
    100000	    330000	      3174	      1933
        10	    340000	      3297	      2460
       100	    340000	      3346	      2447
      1000	    340000	      3347	      2501
     10000	    340000	      2830	      2317
    100000	    340000	      3274	      1899
        10	    350000	      3371	      2597
       100	    350000	      3766	      2983
      1000	    350000	      2809	      2622
     10000	    350000	      2969	      2512
    100000	    350000	      3275	      1957
        10	    360000	      3913	      2683
       100	    360000	      3462	      2629
      1000	    360000	      3072	      2645
     10000	    360000	      2986	      2373
    100000	    360000	      3694	      1972
        10	    370000	      3476	      2676
       100	    370000	      3251	      3067
      1000	    370000	      3129	      2664
     10000	    370000	      3080	      2408
    100000	    370000	      3489	      2046
        10	    380000	      3710	      2795
       100	    380000	      3895	      2812
      1000	    380000	      3212	      3053
     10000	    380000	      3134	      2481
    100000	    380000	      3710	      2058
        10	    390000	      3745	      2894
       100	    390000	      3802	      2868
      1000	    390000	      3040	      2781
     10000	    390000	      3164	      2795
    100000	    390000	      3834	      2141
        10	    400000	      3599	      2856
       100	    400000	      3598	      2840
      1000	    400000	      3560	      3094
     10000	    400000	      3259	      2859
    100000	    400000	      3725	      4485
        10	    410000	      3797	      3009
       100	    410000	      3837	      3011
      1000	    410000	      3748	      2920
     10000	    410000	      3796	      2664
    100000	    410000	      3922	      2189
        10	    420000	      4038	      3121
       100	    420000	      3861	      3240
      1000	    420000	      3978	      2940
     10000	    420000	      3481	      2811
    100000	    420000	      3978	      2156
        10	    430000	      3955	      3320
       100	    430000	      3987	      3409
      1000	    430000	      3765	      3094
     10000	    430000	      3562	      2798
    100000	    430000	      4466	      2185
        10	    440000	      3819	      3135
       100	    440000	      4029	      3337
      1000	    440000	      3716	      3615
     10000	    440000	      3647	      3084
    100000	    440000	      4304	      3858
        10	    450000	      4190	      3323
       100	    450000	      4114	      3423
      1000	    450000	      3573	      3168
     10000	    450000	      3810	      2893
    100000	    450000	      4293	      2288
        10	    460000	      4465	      3311
       100	    460000	      4312	      3227
      1000	    460000	      3659	      3228
     10000	    460000	      3944	      2962
    100000	    460000	      4613	      2539
        10	    470000	      4409	      3545
       100	    470000	      4384	      3407
      1000	    470000	      3791	      3387
     10000	    470000	      3795	      3225
    100000	    470000	      4743	      2637
        10	    480000	      4308	      3458
       100	    480000	      4553	      3559
      1000	    480000	      3937	      3527
     10000	    480000	      3928	      3175
    100000	    480000	      4553	      2371
        10	    490000	      4491	      3742
       100	    490000	      4583	      3607
      1000	    490000	      3933	      3454
     10000	    490000	      4013	      3424
    100000	    490000	      5125	      2571
        10	    500000	      4678	      3713
       100	    500000	      4266	      3613
      1000	    500000	      4179	      3707
     10000	    500000	      3964	      3417
    100000	    500000	      4926	      2702
        10	    510000	      4355	      3714
       100	    510000	      4638	      3690
      1000	    510000	      4305	      3700
     10000	    510000	      4207	      4503
    100000	    510000	      5076	      2522
        10	    520000	      4740	      3780
       100	    520000	      4632	      3740
      1000	    520000	      4181	      3783
     10000	    520000	      4448	      3740
    100000	    520000	      4895	      2527
        10	    530000	      4768	      3826
       100	    530000	      4372	      3815
      1000	    530000	      4286	      3966
     10000	    530000	      4364	      3676
    100000	    530000	      4963	      2541
        10	    540000	      4902	      4035
       100	    540000	      5085	      3965
      1000	    540000	      4396	      3877
     10000	    540000	      4375	      3654
    100000	    540000	      5033	      4513
        10	    550000	      5163	      4053
       100	    550000	      4777	      3989
      1000	    550000	      4630	      3921
     10000	    550000	      4359	      3587
    100000	    550000	      5351	      2643
        10	    560000	      5130	      4224
       100	    560000	      4714	      4186
      1000	    560000	      4584	      3989
     10000	    560000	      4462	      3668
    100000	    560000	      5688	      2749
        10	    570000	      5163	      4169
       100	    570000	      4500	      4097
      1000	    570000	      4675	      4533
     10000	    570000	      4827	      3729
    100000	    570000	      5750	      2795
        10	    580000	      5078	      4067
       100	    580000	      5331	      4203
      1000	    580000	      4742	      4278
     10000	    580000	      4681	      3785
    100000	    580000	      5586	      2681
        10	    590000	      5295	      4283
       100	    590000	      4921	      4307
      1000	    590000	      4975	      4569
     10000	    590000	      4757	      3801
    100000	    590000	      5715	      2747
        10	    600000	      5425	      4326
       100	    600000	      5257	      4334
      1000	    600000	      5126	      4603
     10000	    600000	      4881	      3909
    100000	    600000	      5911	      2816
        10	    610000	      5664	      4575
       100	    610000	      5081	      4462
      1000	    610000	      4843	      4405
     10000	    610000	      5036	      4004
    100000	    610000	      6077	      2847
        10	    620000	      5749	      4610
       100	    620000	      4964	      4627
      1000	    620000	      5018	      4540
     10000	    620000	      5043	      4046
    100000	    620000	      5911	      2847
        10	    630000	      6176	      4744
       100	    630000	      5541	      4540
      1000	    630000	      5088	      4625
     10000	    630000	      5051	      4357
    100000	    630000	      5931	      3044
        10	    640000	      6020	      4517
       100	    640000	      5018	      4687
      1000	    640000	      5142	      4608
     10000	    640000	      5195	      4166
    100000	    640000	      6183	      2948
        10	    650000	      6071	      4697
       100	    650000	      5662	      4716
      1000	    650000	      5234	      4654
     10000	    650000	      5346	      4230
    100000	    650000	      6458	      3145
        10	    660000	      6317	      4750
       100	    660000	      5445	      4955
      1000	    660000	      5283	      4805
     10000	    660000	      5414	      4282
    100000	    660000	      6215	      3102
        10	    670000	      6982	      4829
       100	    670000	      5656	      5086
      1000	    670000	      5462	      5071
     10000	    670000	      5404	      4370
    100000	    670000	      6333	      3006
        10	    680000	      6918	      4935
       100	    680000	      5637	      4872
      1000	    680000	      5567	      4849
     10000	    680000	      5507	      4468
    100000	    680000	      6865	      3579
        10	    690000	      7373	      5007
       100	    690000	      5920	      4859
      1000	    690000	      5365	      5073
     10000	    690000	      5631	      4644
    100000	    690000	      7096	      3111
        10	    700000	      6446	      5250
       100	    700000	      5423	      5279
      1000	    700000	      5791	      4886
     10000	    700000	      5667	      4555
    100000	    700000	      6853	      3151
        10	    710000	      6658	      5374
       100	    710000	      6054	      5128
      1000	    710000	      5592	      5273
     10000	    710000	      5716	      4580
    100000	    710000	      7074	      3285
        10	    720000	      6657	      5256
       100	    720000	      5904	      5267
      1000	    720000	      5624	      5257
     10000	    720000	      6157	      4664
    100000	    720000	      7370	      4855
        10	    730000	      6646	      5155
       100	    730000	      6127	      5426
      1000	    730000	      6004	      5173
     10000	    730000	      6081	      4944
    100000	    730000	      7325	      3379
        10	    740000	      6735	      5209
       100	    740000	      5835	      5918
      1000	    740000	      5844	      5245
     10000	    740000	      6338	      4813
    100000	    740000	      6970	      3280
        10	    750000	      6893	      5640
       100	    750000	      6184	      5857
      1000	    750000	      6321	      5431
     10000	    750000	      6196	      4768
    100000	    750000	      7508	      5473
        10	    760000	      6834	      5540
       100	    760000	      6052	      5451
      1000	    760000	      5983	      5373
     10000	    760000	      6117	      4993
    100000	    760000	      7328	      3352
        10	    770000	      7593	      5852
       100	    770000	      6253	      5558
      1000	    770000	      6056	      5467
     10000	    770000	      6429	      5060
    100000	    770000	      7399	      3534
        10	    780000	      7617	      7183
       100	    780000	      6306	      6516
      1000	    780000	      6068	      6203
     10000	    780000	      7893	      5178
    100000	    780000	      8729	      3998
        10	    790000	      7328	      6214
       100	    790000	      7318	      6521
      1000	    790000	      7042	      6508
     10000	    790000	      7320	      5669
    100000	    790000	      9017	      4352
        10	    800000	      7310	      6313
       100	    800000	      7711	      6490
      1000	    800000	      7344	      6452
     10000	    800000	      7578	      5953
    100000	    800000	      8846	      5821
        10	    810000	      7336	      6937
       100	    810000	      7857	      5915
      1000	    810000	      6354	      6012
     10000	    810000	      6612	      5136
    100000	    810000	      7890	      3762
        10	    820000	      7762	      5895
       100	    820000	      7128	      6164
      1000	    820000	      6444	      5754
     10000	    820000	      6655	      5346
    100000	    820000	      8154	      3781
        10	    830000	      7277	      7806
       100	    830000	      6989	      7060
      1000	    830000	      6622	      7281
     10000	    830000	      7672	      6537
    100000	    830000	      9558	      7794
        10	    840000	      7588	      7313
       100	    840000	      8058	      7023
      1000	    840000	      8521	      6497
     10000	    840000	      8637	      6505
    100000	    840000	     10331	      3842
        10	    850000	      7999	      6075
       100	    850000	      7246	      7718
      1000	    850000	      8352	      6490
     10000	    850000	      7832	      5416
    100000	    850000	      9503	      3611
        10	    860000	      7782	      6859
       100	    860000	      7028	      6185
      1000	    860000	      6736	      6179
     10000	    860000	      8026	      5448
    100000	    860000	      8629	      3718
        10	    870000	      7710	      6349
       100	    870000	      7036	      6565
      1000	    870000	      8291	      6181
     10000	    870000	      7111	      5922
    100000	    870000	      9435	      3818
        10	    880000	      8053	      6198
       100	    880000	      7112	      6489
      1000	    880000	      7989	      6217
     10000	    880000	      7061	      5825
    100000	    880000	      8488	      4585
        10	    890000	      7605	      6366
       100	    890000	      7865	      6380
      1000	    890000	      7022	      6889
     10000	    890000	      7147	      5755
    100000	    890000	      8420	      4850
        10	    900000	      7903	      7720
       100	    900000	      7164	      6469
      1000	    900000	      7097	      7052
     10000	    900000	      7216	      5992
    100000	    900000	      8707	      3892
        10	    910000	      8235	      7555
       100	    910000	      7951	      6475
      1000	    910000	      7135	      6533
     10000	    910000	      7508	      5960
    100000	    910000	      9214	      3939
        10	    920000	      8167	      6561
       100	    920000	      7613	      6658
      1000	    920000	      7984	      6613
     10000	    920000	      8687	      5820
    100000	    920000	      9250	      3958
        10	    930000	      8272	      7509
       100	    930000	      8089	      6744
      1000	    930000	      8537	      6842
     10000	    930000	      7495	      6008
    100000	    930000	      9132	      4031
        10	    940000	      8581	      8193
       100	    940000	      7927	      6804
      1000	    940000	      7379	      8329
     10000	    940000	      7665	      6083
    100000	    940000	      8910	      3975
        10	    950000	      9176	      7909
       100	    950000	      7804	      6712
      1000	    950000	      7514	      7114
     10000	    950000	      7755	      6106
    100000	    950000	      9010	      5910
        10	    960000	      8520	      7258
       100	    960000	      7977	      7188
      1000	    960000	      7666	      6731
     10000	    960000	      8675	      6201
    100000	    960000	      9151	      5115
        10	    970000	      8568	      7468
       100	    970000	      9461	      8445
      1000	    970000	      7970	      6888
     10000	    970000	      7681	      7386
    100000	    970000	      9199	      4045
        10	    980000	      8480	      7405
       100	    980000	      7914	      7682
      1000	    980000	      7756	      6995
     10000	    980000	      7894	      6786
    100000	    980000	     10833	      4098
        10	    990000	      8680	      7114
       100	    990000	      8274	      7032
      1000	    990000	      8017	      7063
     10000	    990000	      8504	      6451
    100000	    990000	      9325	      5083
        10	   1000000	      9067	      7121
       100	   1000000	      8565	      9020
      1000	   1000000	      7894	      7173
     10000	   1000000	      8081	      7617
    100000	   1000000	      9458	      4176
